K means labels: [ 2  8  2  2  8  8  2  2  2  2  2  2  8  9  2  2  2  2  2  2  9  9  8  2
  2  2  2  8  8  2  2  2  2  2  8  2  2  2  9  6  6  6  4  4  6  6  6  6
  6  6  6  6  6  6  6  6  6  6  3  6  6  6  6  4  4  4  4  3  6  6  8  4
  6  6  6  6  4  4  6  6 11 11  8  8  8 11 11 11  8 11 11  8 11 11 11 11
 11 11 11  8 11 11  0  8  8  8 11 11 11 11 11 11 11  8 11  8  9  7  6  6
  7  7  6  7  7  7  6  7  7  7  7  7  4  7  7  7  7  7  7  7  6  7  7  7
  4  7  7  7  7  7  4  7  7  7  7  6  2  2  9  9  2  9  2  2  2  9  9  2
  8  9  9  9  9  9  2  9  2  2  2  2  2  3  9  9  9  9  9  2  2  9  2  2
  9  9  9  4  4  6  7  7  4  7  4  4  4  4  4  4  4  4  4  4  7  3  4  6
  3  4  3  4  7  7  4  4  4  7  4  4  4  7  7  4  4  4 10 10  1 10 11 11
 10 10 10 10 10 10 10 11 10 10 11 10 10 10 10 10  1 10 10 10  1  1  1 10
 10 10 10 10 10 10  8 10 10  5  5  4  5  5  5  5  5  5  5  5  4  4  5  5
  5  5  5  5  5  5  5  5  5  5  5  5  5  5  5  5  5  8  8  5  5  5  5  5
  0  0  0 10  9  0  9 10  0  9  2  9  0  9  3  0 10  9  2  9  0  9  0  2
  5 10  1  0  0  9  0  4  3  2  2  2  0  5  9  3  3  3  3  8  3  3  3 10
 10  3  3  3  3  3  3  3  1  3  3  7  3  5  3  3  3  5  3  3  3  3  3  3
  3  3  3  3  3  3  1  5  1  1  0  1  1  0  1  1  6  1  1  1  1  1  1  1
  1  1  6  1  5  1  1  1  1  6  1  1  1  1  1  1  1 10  1 10  1]

Confusion matrix is:  [[ 0  0  0  0  0  0  0  0  0  0  0  0  0  0  0]
 [ 0  0 17  1  0  0  0  0  1 20  0  0  0  0  0]
 [ 0  0  0  0  0  0  0  0  0  0  0  0  0  0  0]
 [ 0  5  0  0  0  0  0  0  1  0 29  4  0  0  0]
 [ 0  1  0 32  0  2  0  1  1  0  2  0  0  0  0]
 [ 2 30  0  0  0  2  3  0  0  0  2  0  0  0  0]
 [ 0  0  0  0  3 34  0  0  2  0  0  0  0  0  0]
 [13  1  6  2  1  2  0  0  0 10  4  0  0  0  0]
 [ 0  0  0  0  0  0  0  0  0  0  0  0  0  0  0]
 [ 0  0  0  2  9  0 27  0  1  0  0  0  0  0  0]
 [ 0  0  0  3 25  0  2  9  0  0  0  0  0  0  0]
 [ 0  0  0  0  0  0  0  0  0  0  0  0  0  0  0]
 [ 1  0  0  0  0  0  2  0 11  1  0 24  0  0  0]
 [ 0  0 27  0  0  0  0  0  8  4  0  0  0  0  0]
 [ 0  0  0  0  3  0  6 30  0  0  0  0  0  0  0]]

re ordered matrix [[13  2  0  0  0  0  0  0  0  0  0  1  0  0  0]
 [ 1 30  0  1  0  0  0  0  0  0  5  0  0  0  0]
 [ 6  0 27  0  0  0  0  0  0 17  0  0  0  0  0]
 [ 2  0  0 32  3  0  2  0  0  1  0  0  0  0  0]
 [ 1  0  0  0 25  3  9  3  0  0  0  0  0  0  0]
 [ 2  2  0  2  0 34  0  0  0  0  0  0  0  0  0]
 [ 0  3  0  0  2  0 27  6  0  0  0  2  0  0  0]
 [ 0  0  0  1  9  0  0 30  0  0  0  0  0  0  0]
 [ 0  0  8  1  0  2  1  0  0  1  1 11  0  0  0]
 [10  0  4  0  0  0  0  0  0 20  0  1  0  0  0]
 [ 4  2  0  2  0  0  0  0  0  0 29  0  0  0  0]
 [ 0  0  0  0  0  0  0  0  0  0  4 24  0  0  0]
 [ 0  0  0  0  0  0  0  0  0  0  0  0  0  0  0]
 [ 0  0  0  0  0  0  0  0  0  0  0  0  0  0  0]
 [ 0  0  0  0  0  0  0  0  0  0  0  0  0  0  0]]
 
accuracy of k means is: 67.83216783216784