K means labels: [ 6  1  6  6  1  1 11  6  1  6  6  1  1  1  6  6  6  6  6  6  3  3  1  6
  1 11  6  1  1 11  6  6  6  6  1  6  6  6  1  2  2  2  0  0  2  2  2  2
  2  2  2  2  2  2  2  2  2  2 11  2  2  2  2  4  0  0  0  4  2  2  8  0
  2  2  2  2  0  0  2  2  5  5  5  5  1  5  5  5  5  5  5  5  5  5  5  1
  5  5  5  5  5  5 10  1  1  2  5  5  5  5  5  1  5  1  5  1  1  4 10  2
  4  4  2  4  4  4  2  4  4  4  4  4  0  4  4  4  4  4  4  4  2  4  4  4
  0  4  4  4  4  4  0  4  4  4  4  4  6  6  3  3  6  3  6  6  6  3  3  6
  1  3  3  3  3  3  6  1  6  6  6  6  6  3  3  3  3  3  3  6  6  3  6  6
  3  1  3  0  0  2  4  4  0  4  0  0  0  0  0  0  0  0  0  0  4 10  0  2
  4  4 10  0  4  4  4  4  0  4  0  0  0  4  4  0  0  0  9  9  8  8  5  5
  9  9  9  9  9  9  5  5  9  9  5  8  9  9  9  9  8  9  9  9  8  8  8  9
  9  9  9  9  9  9  5  9  9  7  7  0  7  7  7  7  7  7  7  7  0  0  7  7
  7  7  7  7  7  7  7  7  7  7  7  7  7  7  7  7  7  1  1  1  7  7  7  7
  9  9  9  9  3  9  7  9  9  3  6  3  9  7  1  9  9  6  3  3  9  9  9  6
  7  9  8  9  9  1  9  0 11  6  6  6  0  7  3 10 10 11  0  1 10 11 10  9
  9 11 10 10 11 10 11 11 11 11 10  4 11 11 10 11 10 11 10 10 10 10 11 11
 11 10 10 11 11 10  8  7  8  8  9  8  8  9  8  8  2  8  8  8  8  8  2  8
  8  8  2  8  7  8  8  8  8  2  8  8  8  8  8  8  8  9  8  9  8]

Confusion matrix is:  [[ 0  0  0  0  0  0  0  0  0  0  0  0  0  0  0]
 [ 0  3  0 19  0  0 17  0  0  0  0  0  0  0  0]
 [ 0  0  0  0  0  0  0  0  0  0  0  0  0  0  0]
 [ 0  0  0  0  0  6  0  0  7 26  0  0  0  0  0]
 [ 1  1  0  0  1  0  0  0  0  2 17 17  0  0  0]
 [ 0  0  4  0  0  0  0  2 29  4  0  0  0  0  0]
 [ 3  3  0  0  0  0  0 33  0  0  0  0  0  0  0]
 [ 2  2  0  6  0  0  6  4  1 17  0  1  0  0  0]
 [ 0  0  0  0  0  0  0  0  0  0  0  0  0  0  0]
 [ 8  0 27  0  2  0  0  0  1  0  0  1  0  0  0]
 [22  0  2  0 13  0  0  0  0  0  2  0  0  0  0]
 [ 0  0  0  0  0  0  0  0  0  0  0  0  0  0  0]
 [ 0  8  3  0  0 27  0  0  0  0  1  0  0  0  0]
 [ 0 13  0  2  0  0 21  0  0  0  0  3  0  0  0]
 [ 3  0  4  0 31  0  0  0  0  0  1  0  0  0  0]]

re ordered matrix [[22  2  8  0  3  0  0  3  0  0  1  0  0  0  0]
 [ 0  2  0  3  0  8 13  3  0  0  1  0  0  0  0]
 [ 2  0 27  0  4  3  0  0  4  0  0  0  0  0  0]
 [ 0  6  0 19  0  0  2  0  0  0  0  0  0  0  0]
 [13  0  2  0 31  0  0  0  0  0  1  0  0  0  0]
 [ 0  0  0  0  0 27  0  0  0  6  0  0  0  0  0]
 [ 0  6  0 17  0  0 21  0  0  0  0  0  0  0  0]
 [ 0  4  0  0  0  0  0 33  2  0  0  0  0  0  0]
 [ 0  1  1  0  0  0  0  0 29  7  0  0  0  0  0]
 [ 0 17  0  0  0  0  0  0  4 26  2  0  0  0  0]
 [ 2  0  0  0  1  1  0  0  0  0 17  0  0  0  0]
 [ 0  1  1  0  0  0  3  0  0  0 17  0  0  0  0]
 [ 0  0  0  0  0  0  0  0  0  0  0  0  0  0  0]
 [ 0  0  0  0  0  0  0  0  0  0  0  0  0  0  0]
 [ 0  0  0  0  0  0  0  0  0  0  0  0  0  0  0]]
 
accuracy of k means is: 59.20745920745921