1 639.745168539326
2 569.4563144580658
3 346.2807060856683
4 190.83320379294264
5 39.46588676549384
6 16.582924990576704
7 17.04048229654793
8 14.989542968179618
9 13.349615899291273
10 15.484441602728046
11 12.934978069347665
12 13.6357561268856
13 26.81461729136934
14 16.010803524332346
15 8.178921990700879
16 5.867579512956064
17 4.250152287584372
18 3.5916024036906524
19 4.709528542216437
20 6.863758792411881
21 10.462297058271325
22 11.79943669211904
23 16.324494251200704
24 22.687644860203374
25 31.327320185614848
26 39.13228641830018
27 36.96546941159293
28 15.377065627950897
29 426.00446428571445
30 244.75913576953855
31 95.28985803706584
32 26.760776699029122
33 12.07036371850105
34 16.99696916505763
35 14.15467734996015
36 16.897161716171617
37 21.459528806489605
38 20.73923887474624
39 18.223713444249245
40 12.894689873098017
41 18.06378272294847
42 12.759639996697217
43 8.963060235304168
44 3.066331849825676
45 3.401817928428746
46 1.2043791956835435
47 1.6497284187656323
48 2.823636549195708
49 6.441826649244481
50 13.131774757646175
51 10.317317012905557
52 8.628557874762807
53 8.66532407751132
54 7.650238687554629
55 5.354824148370678
56 6.076344850604401
57 459.3944055944055
58 82.47494217424827
59 22.105543339891213
60 22.714690320947774
61 25.658156340985276
62 24.740899437734466
63 23.64181380417336
64 14.27699502368247
65 8.07279689743765
66 5.441644439333293
67 8.131353910846478
68 11.851239456072078
69 5.847895398387444
70 3.052441980367736
71 1.623727827856935
72 0.29408040519151624
73 3.443546028164307
74 4.966102937940944
75 3.4751188755160016
76 3.221144315699913
77 1.7090213465376627
78 3.915133030950769
79 10.346433433282021
80 11.427542278027635
81 7.6071925047914375
82 4.627816218853102
83 4.154496783191613
84 5.151854856552844
85 122.97467654539422
86 23.903305473775273
87 27.40344410272353
88 52.920545517830575
89 45.9225024353285
90 31.218202455099533
91 11.348768336744566
92 7.341176292689564
93 4.370904970688209
94 3.068675995694293
95 5.95694387589088
96 4.748338081671413
97 2.8985391005442542
98 6.638428760346769
99 5.821709482772716
100 3.830395487468752
101 5.822876614555752
102 2.9467586206896517
103 1.0376223417883679
104 3.9714269080747524
105 1.8951733863213893
106 1.1457269363741132
107 3.140234513798413
108 3.4407644957169294
109 3.310690640164641
110 3.1415425237574452
111 2.2452058899922074
112 2.34688719847863
113 54.53566070398155
114 23.928755938055215
115 35.21940840444968
116 39.817102107627306
117 78.05524955512244
118 16.706791778373546
119 5.875232280329174
120 8.794202204120744
121 4.6246883286500164
122 5.426874734891609
123 4.212583747568619
124 8.038092515499658
125 2.9531512169372056
126 5.681642681642682
127 19.48267487290884
128 6.0406084171462995
129 2.4627385003632463
130 0.734094928540699
131 2.1077858484843994
132 4.757861128132358
133 9.456499262699369
134 4.550678371907426
135 1.459528707991119
136 2.8024550052477677
137 3.1705954313930462
138 2.5039991362945253
139 2.4599580077845227
140 2.9038078698801306
141 32.70235913433417
142 33.26800331220221
143 22.76337717553173
144 63.12794190788818
145 39.790261025254416
146 9.965592282623994
147 2.879145676736534
148 21.94352363413138
149 11.82569444444444
150 9.555862250262877
151 6.16418061214183
152 16.91148022691099
153 7.688120799511213
154 5.906008404709204
155 13.154528553782429
156 4.967714766984844
157 2.0616011599200585
158 0.19528888381908516
159 3.1161246823297564
160 9.507795532797743
161 11.62964170708841
162 7.587300109834877
163 4.357562086179167
164 2.122526651258652
165 1.6387367704224955
166 2.104636123700066
167 2.3613228778969972
168 2.9143700735507343
169 32.84599375650366
170 21.880807570977925
171 24.814436411388662
172 57.32098356584012
173 23.914499349804956
174 7.456432423751719
175 5.060366419947647
176 48.19020300088263
177 19.283303892306762
178 11.95170142700329
179 13.47786014826688
180 15.37446698539863
181 11.569358119159713
182 1.6396091205211734
183 2.720465945089759
184 2.769199226008172
185 4.779527121001394
186 1.3808224663980193
187 4.011634599208417
188 19.65440015624746
189 13.663970458941442
190 10.137462382292984
191 6.679264951155582
192 5.766983141782607
193 2.18333774060208
194 1.0612460491960964
195 4.700229677933933
196 8.726845033260503
197 30.073003372709305
198 13.957087657448378
199 35.21966014844957
200 42.738330819877135
201 14.422996418438059
202 6.882238529696411
203 11.449713472558756
204 65.6280854329198
205 25.15151515151514
206 10.816428814135238
207 17.631796839501188
208 10.69932706382889
209 4.543552919138307
210 2.837540184270837
211 2.0706173232217346
212 3.262908895776069
213 5.691617529609679
214 1.2448762528124349
215 2.1233169874429563
216 19.758120761548625
217 19.383046407185624
218 7.0396386593959965
219 5.518926624737946
220 8.774430785676106
221 4.49308075442542
222 1.021312201604568
223 2.2257782490735463
224 12.32153797191391
225 14.97339885901
226 13.731509816731423
227 38.07757788242985
228 45.57557086655151
229 13.971753676028685
230 8.359565494514435
231 15.20595488172438
232 62.14103767261028
233 17.807532826537674
234 11.449844131364632
235 16.343402061855663
236 9.58910238788143
237 4.839743906252574
238 3.2624222691540528
239 6.235945619652512
240 6.685916464273945
241 10.650486974423945
242 1.1150594149908595
243 2.309369211879047
244 19.738031310669573
245 11.072595817878836
246 4.927229117667606
247 8.07846229324362
248 6.9288725173736365
249 7.618196943824156
250 1.7959644146467242
251 1.2024518682147005
252 11.269387755102038
253 8.158866912504191
254 23.297285489846836
255 63.32483456935931
256 46.31927153432031
257 22.155238469472962
258 10.770244671198208
259 17.79522457305123
260 36.44414558292007
261 18.951912353211323
262 10.862470585908927
263 14.535876677387154
264 13.206712339939648
265 5.482728696209936
266 2.348043585933631
267 6.622845358976088
268 9.628478458009571
269 5.564009466074491
270 1.2891713740487027
271 2.3287486463176617
272 7.603522480620157
273 9.676355808304647
274 2.410668615272195
275 8.354178327312203
276 8.45092270660604
277 12.136615532888921
278 2.671510553927241
279 0.9846718837427395
280 9.62059822995631
281 11.974986634413973
282 45.17454263750671
283 92.76750700280111
284 47.429722745390016
285 31.712113637032026
286 14.526504908988613
287 19.47461316237287
288 19.921450777202054
289 16.718762578345128
290 11.464833574529662
291 9.258540700126527
292 7.6041160862604205
293 4.008261264596021
294 2.83298756650719
295 4.590987947406866
296 4.033785684151318
297 4.173035676524787
298 3.8715571699305107
299 4.4987926179120645
300 4.477269822333942
301 21.73314422607058
302 3.329468527681364
303 8.544375965756707
304 11.530240655401947
305 11.799468591768177
306 5.184540984272766
307 2.1806475792742503
308 14.207043097655326
309 19.61689931655469
310 50.7614085792516
311 72.30579854791681
312 33.98953659592898
313 27.362625532939568
314 16.999023077090072
315 24.24404664148465
316 19.372466633712325
317 12.203705986277175
318 10.713551656366167
319 7.077970679012346
320 6.19381432437593
321 2.2817807361518434
322 3.079042701229401
323 6.536468202720486
324 6.3598550857562195
325 11.633985218130677
326 6.485386096296095
327 5.657740525825632
328 3.818790042712227
329 19.53270131482422
330 4.666404520563905
331 13.977532265693625
332 26.609824478737192
333 8.933792763967515
334 3.1864817203169014
335 5.4437947539244504
336 29.119183078045214
337 24.560037457567613
338 51.52685624012636
339 55.69758226243762
340 27.18335673852302
341 17.945581241013166
342 17.129525942515855
343 27.486982285822364
344 25.127414435784484
345 13.093975380944636
346 9.503077554370128
347 8.825477877289137
348 8.629542291001394
349 4.007918359493523
350 2.2155980371636557
351 6.863809635515936
352 5.384766596994127
353 9.595816688859303
354 10.609234274322738
355 3.058918198120871
356 4.281749516950639
357 26.793648059799178
358 6.546178236524322
359 14.286109069528152
360 26.536422354672197
361 8.168099886086972
362 2.6419017090816483
363 7.842591407483257
364 34.67869872334911
365 24.441945354546093
366 42.41103776559496
367 56.31032524213799
368 29.24421672786163
369 12.60962258021825
370 20.389442140630205
371 38.620987453153
372 22.906312505000407
373 10.807425695565476
374 8.817122074046438
375 9.737119487309217
376 9.346215424444745
377 7.857633084029916
378 3.7014928106969505
379 10.240388835954485
380 7.41381729229994
381 16.257475746775558
382 15.415602710014982
383 1.4815669128236924
384 4.758629479682112
385 23.281767137290913
386 7.071958214802032
387 12.235968487606756
388 16.851513501522575
389 9.853579305510433
390 5.0145642405388475
391 10.630771038101582
392 34.44398022421838
393 21.13596943778833
394 36.96053512950284
395 56.67194905430587
396 36.72737585893945
397 10.783313397932988
398 27.808067492749796
399 45.07199140401147
400 24.51285367825383
401 11.484155504737014
402 10.437262529401119
403 10.657546399443504
404 5.83073378786464
405 4.0559323591581675
406 3.6444435514118823
407 6.851940634329973
408 5.886002227762161
409 13.247308567096288
410 8.82693858739486
411 1.170713039218688
412 5.061514106860166
413 12.539003813706225
414 6.814511950408393
415 11.5633484162896
416 19.70645187870797
417 12.921651736945595
418 10.491728228071993
419 11.500510841185156
420 24.00271590107853
421 20.321196529019307
422 38.37858400539095
423 54.22526249714679
424 44.78213850258876
425 12.457170436200844
426 20.83445045045044
427 33.422896401605314
428 20.899545219043237
429 10.440478632478623
430 8.0507992202729
431 5.938210618525975
432 3.1432386933859977
433 4.528371786292709
434 7.135536870590512
435 6.087406205637798
436 4.503177844572427
437 10.310345305975224
438 6.44470046082949
439 1.7949069827688828
440 5.113016310590398
441 11.827300771925907
442 8.10241211648192
443 15.252137456015571
444 27.657141539242133
445 26.423850242662347
446 11.450466093949917
447 13.090623838817558
448 16.260167315497377
449 24.252042812751757
450 21.753592155293173
451 39.60617686814762
452 45.19697242157231
453 16.417602271260808
454 22.23128114650076
455 25.866399671390436
456 18.35715245732717
457 7.374237436910249
458 6.576562728736643
459 3.0918297972101767
460 1.57851630177981
461 8.471836080822696
462 10.698556873524751
463 7.867599338104139
464 7.966494884084317
465 7.087830016649493
466 3.0554501055684713
467 3.5177761280211173
468 9.518267635136977
469 18.44726279091681
470 11.170311914574743
471 23.14042192003679
472 44.343718527663185
473 21.612270284225605
474 12.377058907781384
475 18.04368846915002
476 16.52635069169415
477 30.74492420282279
478 19.981595446200735
479 27.07846667742856
480 46.83339833483119
481 20.064639388632383
482 12.926112895823774
483 10.499272287477197
484 8.128555617044817
485 4.902390355435468
486 5.046773718326459
487 1.7617512033168656
488 2.2541781673693486
489 6.72844022042968
490 9.16579114394134
491 8.792602978513775
492 9.886480461796948
493 5.5604371614523
494 2.801488599962311
495 7.842198644899322
496 20.939869133574007
497 34.546853111229964
498 22.753174719019114
499 24.12721443620041
500 15.800179613830258
501 12.763522161394754
502 12.969928510869906
503 16.42215548270249
504 24.172353719397986
505 72.99649589709469
506 36.430267812026266
507 26.0642368884511
508 34.45611643721509
509 25.811221917538706
510 9.962621676280111
511 4.857675548253446
512 2.0749997466224794
513 1.2309637661148511
514 2.2005150161330342
515 1.3666417466009448
516 5.351009294330612
517 11.0103765926658
518 14.441083394000628
519 18.058515327423027
520 14.178718948164525
521 7.607754707587781
522 9.25816396962957
523 19.438994957548587
524 39.52438356164384
525 40.63184550849586
526 16.06909299940262
527 13.435424424348351
528 15.248891609317107
529 14.698315857323804
530 13.68914988351736
531 12.983072360318697
532 13.699190585193055
533 150.97146855321463
534 70.37481077808052
535 23.23451677271188
536 16.078871096772506
537 13.723558269580435
538 8.73812337925803
539 4.888763012474352
540 1.972671992369142
541 1.0631747600437238
542 2.330859259027768
543 3.357912329463915
544 13.030704315057593
545 16.05584368318093
546 17.688522676420803
547 21.09974902366831
548 13.830926516294737
549 7.936816109921575
550 6.499107294123783
551 5.6328296188648785
552 10.319557354558548
553 8.167731214623252
554 6.1741826124547785
555 8.113098634827269
556 7.895454107984987
557 6.795226176225197
558 3.9721753647635754
559 2.6705084380011677
560 1.7723398001175787
561 180.49174192498575
562 118.91671595883116
563 66.64366033346259
564 19.267435947584588
565 5.281020580093874
566 4.636695596404301
567 9.129683885890516
568 8.36457104030326
569 8.23112444016326
570 8.89690438491614
571 10.168955121519101
572 14.819985524224535
573 18.884818283636605
574 28.33393205778993
575 18.952950671794135
576 5.524443083660387
577 3.2131135119434715
578 4.008847107131038
579 1.7227604223359072
580 2.0020441435287895
581 2.1637902517984027
582 5.920083010550332
583 8.408685231322336
584 6.568113348247578
585 3.8730097570070234
586 2.860749741076616
587 1.0020508813906925
588 0.6114405314958391
589 451.4564447592069
590 164.24529339013333
591 170.8677273436282
592 160.55090680553064
593 50.83238958097396
594 13.57108792082254
595 7.349828649760109
596 19.848903011585765
597 23.314244604316542
598 20.93226105118102
599 24.454493885466277
600 24.009326034035457
601 27.189651667744624
602 53.398869940062184
603 9.573017266608133
604 1.3266504512024875
605 2.919086339134022
606 2.4947497916583985
607 2.737155143201019
608 5.052578168164445
609 6.832551013755787
610 8.306084738279395
611 7.652484122067899
612 7.346219664531782
613 4.753443264241666
614 3.7930761351997293
615 2.84522857083226
616 0.43280632411067166
617 2507.6255879586074
618 876.8220986796387
619 231.172751223184
620 138.73046850566084
621 149.73295970917903
622 82.26164369781712
623 38.42259488084731
624 29.84154304155305
625 34.17132052722441
626 22.870409352655663
627 16.262680620415765
628 14.043963476496446
629 11.111591598337636
630 8.404892007242625
631 4.435714597643066
632 6.67052129963899
633 8.051396168582373
634 6.460066478547295
635 7.064128926275243
636 8.66604310318172
637 14.951270484124356
638 16.52476840641744
639 16.645367514777693
640 14.747317581050995
641 11.211628551445646
642 6.266350082055937
643 5.9540794885835435
644 0.9150137564783424
