K means labels: [ 8  3  8  8  3  3  8  8  8  8  8  8  3  7  8  8  8  8  8  8  7  7  3  8
  8  2  8  8  6  8  8  8  8  8  3  8  8  8  8  1  1  1  1  1  1  1  1  1
  1  1  1 11  1  1  1  1  1  1  0  1  1  1  1 11  1  1  1  7  1  1  9  3
  1  1  1  1  1  1  3  3  2  2  3  2  2  2  2  2  3  2  4  3  4  2  2  2
  2  2  2  2  2  2  2  3  2  3  2  2  4  2  2  2  2  2  2  3  2  5  9  6
  5  5  6  5  5  5  9  5  5  5  5 11 11  5 11 11  5  5  5  0  9  5  5  5
 11  5  5  5  5  5 11  5  5  5  5  9  7  3  3  7  8  7  3  7  7  7  3  7
  3  3  3  7  3  7  7  8  7  3  8  7  3  9  3  7  3  7  7  7  3  3  7  7
  7  7  7 11 11 11 11  5  1 11 11 11  1  1 11 11  1  1  1 11 11 11 11 11
  9 11 11  1 11 11 11 11  1 11  1 11 11 11 11 11  1  1  4  4  3  4  4  4
  4  4  4  4  4  4  4  4  4  4  4  4  4  4  4  4  4  4  4  4  3  4  3  4
  4  4  4  4  4  4  4  4  4  9  6  9  6  9 10  3  9 10  3 10  3  9  6 10
 10 10 10  6 10  9  3  3  6  6  6  3  3  6  6  3  3  3  3  3  6 10 10 10
  6  6  6  6  6  6  6  6  6  7  7  7  5  6  3 11  6  6  9  7  6  7  6  7
  6  6  4  6  6  6  6  4  9  8  9  6  6  6  6  0  0  0  1  5  0  0  0  4
  4  9  0  0  0  0  0  0  4  0  0 11  0  6 11  0  0  6  0  9  0  0  0  0
  0  0  0  9  9  9 10 10 10 10  4 10 10  6 10 10  3 10 10 10 10 10 10 10
 10 10 10 10 10 10  3 10 10  9 10 10 10  3 10 10 10  4 10 11 10]

Confusion matrix is:  [[ 0  0  0  0  0  0  0  0  0  0  0  0  0  0  0]
 [ 0  0  0 14  0  0  0 21  3  1  0  0  0  0  0]
 [ 0  0  0  0  0  0  0  0  0  0  0  0  0  0  0]
 [ 0  0  0  3 36  0  0  0  0  0  0  0  0  0  0]
 [25  1  0  0  3  1  2  0  0  5  0  2  0  0  0]
 [ 0  0  0  3  2  0  1  0  0  1 31  1  0  0  0]
 [ 0  0  0 12  0  0 10  0  0  6 11  0  0  0  0]
 [ 0  0  0  1  2  1 24  6  1  3  0  1  0  0  0]
 [ 0  0  0  0  0  0  0  0  0  0  0  0  0  0  0]
 [ 1 33  0  1  0  0  0  1  0  1  0  2  0  0  0]
 [ 0 11  0  0  0  1  0  0  0  1  0 26  0  0  0]
 [ 0  0  0  0  0  0  0  0  0  0  0  0  0  0  0]
 [ 0  0 28  8  3  0  0  0  0  0  0  0  0  0  0]
 [ 0  0  1  6  0  0  1  3 28  0  0  0  0  0  0]
 [ 1  0  0  0  0 26  2  0  0  4  0  6  0  0  0]]

re ordered matrix [[25  1  0  0  0  1  0  0  0  0  0  0  0  0  0]
 [ 1 33  0  0  0  0  0  0  0  0  0 11  0  0  0]
 [ 0  0 28  0  0  0  0  0  1  0  0  0  0  0  0]
 [ 0  1  8 12  3  0  1 14  6  0  3  0  0  0  0]
 [ 3  0  3  0 36  0  2  0  0  0  2  0  0  0  0]
 [ 1  0  0  0  0 26  1  0  0  0  0  1  0  0  0]
 [ 2  0  0 10  0  2 24  0  1  0  1  0  0  0  0]
 [ 0  1  0  0  0  0  6 21  3  0  0  0  0  0  0]
 [ 0  0  0  0  0  0  1  3 28  0  0  0  0  0  0]
 [ 5  1  0  6  0  4  3  1  0  0  1  1  0  0  0]
 [ 0  0  0 11  0  0  0  0  0  0 31  0  0  0  0]
 [ 2  2  0  0  0  6  1  0  0  0  1 26  0  0  0]
 [ 0  0  0  0  0  0  0  0  0  0  0  0  0  0  0]
 [ 0  0  0  0  0  0  0  0  0  0  0  0  0  0  0]
 [ 0  0  0  0  0  0  0  0  0  0  0  0  0  0  0]]

accuracy of k means is: 67.5990675990676