K means labels: [10  7 10 10  8  7 10 10 10 10 10 10 11  7 10 10  2 10 10 10  7  7  7 10
  7 10 10 10  7 10 10 10  2 10  7 10 10 10  7  5  5  5  8  8  5  5  5  5
  5  5  5  5  5  5  5  5  5  5  9  5  5  5  5  3  8  8  8  3  5  5  4  8
  5  5  5  5  8  8  5  5  4  4  4  4  4  4  4  4  4  4  4  4  4  4  4  7
  4  4  4  4  4  4  0  7  4  5  4  4  4  4  4  7  4  7  4  7  7  3  0  5
  3  3  5  3  3  3  5  3  3  3  3  3  8  3  3  3  3  3  3  3  5  5  3  3
  8  3  3  3  3  3  8  3  3  3  3  0  2  2  7  2  2  2 10  2  2  2  7  2
  7  7  7 11  7  2  2  7  2 11  2  2  2  9  2  2  2  2  7  2 10  2  2  2
  2  7  2  8  8  5  3  3  8  3  8  8  8  8  8  8  8  8  8  8  3  0  8  5
  3  3  0  8  3  3  3  3  8  3  8  8  8  3  3  8  8  8  1  1  6  6  4  4
  1  1  1  1  1  1  1  4  1  1  4  1  1  1  1  1  6  1  1  1  6  6  6  1
  1  1  1  1  1  1  1  1  1 11 11  8 11 11 11 11 11 11 11 11  8  8 11 11
 11 11 11 11 11 11 11 11 11 11 11 11 11 11 11 11 11  7  7  7 11 11 11 11
  1  1  1  1  2  1 11  1  1  7  2  2  0 11  7  6  1  2  2  2  1  2  0  2
 11  1  6  0  0  7  1  8  9 10  2  2  1  1  7  9  9  9  9  0  0  9  9  1
  1  9  0  0  9  0  9  9  6  9  9  3  0  9  9  9  0  9  0  0  0  0  9  9
  9  0  9  9  9  9  6 11  6  6  1  6  6  1  6  6  5  6  6  6  6  6  5  6
  6  6  5  6 11  6  6  6  6  5  6  6  6  6  6  6  6  1  6  1  6]

Confusion matrix is:  [[ 0  0  0  0  0  0  0  0  0  0  0  0  0  0  0]
 [ 0  0 25  0  0  0  0  9  0  1  2  2  0  0  0]
 [ 0  0  0  0  0  0  0  0  0  0  0  0  0  0  0]
 [ 0 29  0  0  4  0  6  0  0  0  0  0  0  0  0]
 [12  2  0  1  0  0  1  0  0 23  0  0  0  0  0]
 [ 0  4  0  0  0  4 29  0  0  0  0  2  0  0  0]
 [ 0  0  0  0  0  0  0  3  3  0  0 33  0  0  0]
 [ 4 13 10  0  0  0  2  4  1  1  1  3  0  0  0]
 [ 0  0  0  0  0  0  0  0  0  0  0  0  0  0  0]
 [ 0  0  0  2  1 27  0  0  8  1  0  0  0  0  0]
 [ 2  0  0 13  0  2  0  0 22  0  0  0  0  0  0]
 [ 0  0  0  0  0  0  0  0  0  0  0  0  0  0  0]
 [ 1  0  0  0 29  3  0  6  0  0  0  0  0  0  0]
 [ 0  0  2  0  0  0  0 10  1  0 25  1  0  0  0]
 [ 2  0  0 29  0  5  0  0  3  0  0  0  0  0  0]]

re ordered matrix [[ 0  0  0  2  1  0  0  4  2 12  0  0  0  0  0]
 [ 0 29  0  0  0  0  4 13  0  2  0  0  0  0  0]
 [ 0  0 25  0  0  0  0 10  0  0  2  0  0  0  0]
 [ 0  0  0 29  0  2  0  0 13  1  0  0  0  0  0]
 [ 0  4  0  0 29  1  0  0  0  0  0  0  0  0  0]
 [ 0  0  0  5  3 27  4  0  2  0  0  0  0  0  0]
 [ 0  6  0  0  0  0 29  2  0  1  0  0  0  0  0]
 [ 0  0  9  0  6  0  0  4  0  0 10  3  0  0  0]
 [ 0  0  0  3  0  8  0  1 22  0  1  3  0  0  0]
 [ 0  0  1  0  0  1  0  1  0 23  0  0  0  0  0]
 [ 0  0  2  0  0  0  0  1  0  0 25  0  0  0  0]
 [ 0  0  2  0  0  0  2  3  0  0  1 33  0  0  0]
 [ 0  0  0  0  0  0  0  0  0  0  0  0  0  0  0]
 [ 0  0  0  0  0  0  0  0  0  0  0  0  0  0  0]
 [ 0  0  0  0  0  0  0  0  0  0  0  0  0  0  0]]

accuracy of k means is: 64.1025641025641
