K means labels: [ 7 10  7  7 10 10  7  7  7  7  7  7 10  6  7  7  7  7  7  7  6  6 10  7
  7  4  7 10 10  7  7  7  6  7 10  7  7  7  7  0  0  0  0  0  0  0  0  0
  0  0  0  8  0  0  0  8  0  0  6  0  0  0  0  8  0 10  0  6  0  0  1  2
  0  0  0  0  8  8 10 10  4  4 10  4  4  4  4  1  1  4  1  1  1  4  4  4
  4  4  4  4  4  4  4 10  4 10  4  4  1  4  4  4  4  4  4 10  4  3 11  5
  3  3  3  3 11  3  3  8  3  3  3  8  8  1  8 11  3  8  3 11  3  3  3  3
  8 11 11 11  3  3  8  3  3  3  3  3  6  6  6  6  7  6 10  6  7  6  6  6
 10 10  6  6  6  6  7  7  7  7  7  6  6  6  6  6  6  6  6  6 10  6  7  7
  6  3  6  8  8  8 11  8  8 11  8  8  8  8  8  8  8  0  0  8 11 11  8  8
  9  8 11  0  8 11  8  8  0 11  8  8  8  8 11  8  8  0  5  5  1  5  5  5
  5  5  5  5  1  5  5  5  5  5  5  5  5  5  5  5  1  5  5  5  1  1  1  5
  5  5  5  5  5  5  5  5  5  2  5  2  2  2  2  2  2  2  2  2 10  2  2  2
  2  2  2  2  2  2  2 10  2  2  2  2  2  2  2  2  2 10 10 10  2  2  2  2
  5  2  3  2  6  3  2  5  3  3  6  6  3  5 10  1  5  7  7  6  5  6  3  6
  2  5  1  5  3  5  5  5  3  7  7  5  8  2  6  9  9  9  0 11  9  1  9  5
  5  9  9 11  9 11  9  1  1  9  9  8  9  9  8  9 11  1 11 11  9 11  9  9
  9  9  9  9  9  9  2  2  1  1  5  5  1  5  3  1 10  3  1  5  1  5 10  1
  1  5  1  2  1  3  1  2  2  3  2  1  5  1  5  5  5  5  1  1  3]

Confusion matrix is:  [[ 0  0  0  0  0  0  0  0  0  0  0  0  0  0  0]
 [ 0  0  0  1  0  0 25  9  0  0  4  0  0  0  0]
 [ 0  0  0  0  0  0  0  0  0  0  0  0  0  0  0]
 [ 0  6  0  0  0 33  0  0  0  0  0  0  0  0  0]
 [ 1  4  0  0  0  2  0  0  2 23  0  7  0  0  0]
 [ 0 15  6  5  0 11  0  0  0  0  2  0  0  0  0]
 [ 0  0 33  0  0  1  0  0  0  0  5  0  0  0  0]
 [ 0  2  5  8  0 11  7  4  1  0  1  0  0  0  0]
 [ 0  0  0  0  0  0  0  0  0  0  0  0  0  0  0]
 [29  1  1  0  0  0  2  0  5  0  1  0  0  0  0]
 [ 5  0  0  0  0  0  0  0 25  1  0  8  0  0  0]
 [ 0  0  0  0  0  0  0  0  0  0  0  0  0  0  0]
 [ 0  6  0  0 27  0  0  0  0  0  6  0  0  0  0]
 [ 0  0  0  0  1  0  4 26  0  0  8  0  0  0  0]
 [ 0  1  0 23  0  1  0  0  7  0  0  7  0  0  0]]

re ordered matrix [[29  0  0  0  0  0  0  0  5  1  0  0  0  0  0]
 [ 1 15  0  1  6  6  0  0  0  4  2  0  0  0  0]
 [ 1  6 33  0  0  0  0  0  0  0  5  0  0  0  0]
 [ 0  5  0 23  0  0  1  0  0  0  8  0  0  0  0]
 [ 0  0  0  0 27  0  0  1  0  0  0  0  0  0  0]
 [ 0 11  1  1  0 33  0  0  0  2 11  0  0  0  0]
 [ 2  0  0  0  0  0 25  4  0  0  7  0  0  0  0]
 [ 0  0  0  0  0  0  9 26  0  0  4  0  0  0  0]
 [ 5  0  0  7  0  0  0  0 25  2  1  0  0  0  0]
 [ 0  0  0  0  0  0  0  0  1 23  0  0  0  0  0]
 [ 1  2  5  0  6  0  4  8  0  0  1  0  0  0  0]
 [ 0  0  0  7  0  0  0  0  8  7  0  0  0  0  0]
 [ 0  0  0  0  0  0  0  0  0  0  0  0  0  0  0]
 [ 0  0  0  0  0  0  0  0  0  0  0  0  0  0  0]
 [ 0  0  0  0  0  0  0  0  0  0  0  0  0  0  0]]

accuracy of k means is: 60.60606060606061